0.00000027427700021299
0.00000019703283448885
0.00000027585978183292
0.00000017532155817316
0.00000005372173505217
0.00000008262183429945
0.00000000994008363059
0.00000011940301959266
0.00000026018823404585
0.00000003539117012923
0.00000012009552509447
0.00000024157833217831
0.00000006962930575784
0.00000024629220130031
0.00000001004071007663
0.00000003473223982603
0.00000007723391426032
0.00000003478146707197
0.00000001010857608659
0.00000003314901167710
0.00000009623830228261
0.00000002327906562015
0.00000003247189536147
0.00000010668302555559
0.00000000995192988081
0.00000001002029293459
0.00000006923856063674
0.00000007937032791511
0.00000007025414523068
0.00000008693207544980
0.00000001003078345452
0.00000003480613759915