0.00000018800273605658
0.00000003515105841119
0.00000014119214576901
0.00000003397308812132
0.00000005376021915479
0.00000002081653095709
0.00000020929793710748
0.00000003320636986406
0.00000007440516749007
0.00000002947225215209
0.00000014107880707262
0.00000014278494047939
0.00000016742902687451
0.00000019605486969443
0.00000005245128280104
0.00000003347252650527
0.00000032587414155148
0.00000003355413676828
0.00000007464701591171
0.00000007048742688270
0.00000015237976246172
0.00000000996531601198
0.00000003542841243908
0.00000006873313335061
0.00000000998084693891
0.00000031597132584451
0.00000014901578789808
0.00000000995519329671
0.00000005522713460888
0.00000012359174974655
0.00000000991670062846
0.00000003345284689068
0.00000010856901115724
0.00000014890987296389