0.00000013611832879308
0.00000004241478725512
0.00000001129574176175
0.00000022037872912876
0.00000009754733209175
0.00000015521047933682
0.00000013327430391455
0.00000007811410773490
0.00000015026457227529
0.00000002389096725387
0.00000009920585297867
0.00000006683614315312
0.00000010326803880821
0.00000014900958636191
0.00000015038584157437
0.00000010624285689628
0.00000002265575287766
0.00000011165722012341
0.00000019708065501706
0.00000000993101020420
0.00000005505158678815
0.00000028715812964530
0.00000006084722246751
0.00000009607606830906
0.00000021901270422540