5*10^-3
0.000000076834,0.00000027427700021299
0.000000083005,0.00000019703283448885
0.000000076619,0.00000027585978183292
0.000000079526,0.00000017532155817316
0.000000084861,0.00000005372173505217
0.000000079099,0.00000008262183429945
0.000000080566,0.00000000994008363059
0.000000076771,0.00000011940301959266
0.000000065042,0.00000026018823404585
0.000000066284,0.00000003539117012923
0.000000078760,0.00000012009552509447
0.000000078699,0.00000024157833217831
0.000000076720,0.00000006962930575784
0.000000082944,0.00000024629220130031
0.000000080355,0.00000001004071007663
0.000000065959,0.00000003473223982603
0.000000077124,0.00000007723391426032
0.000000065915,0.00000003478146707197
0.000000080294,0.00000001010857608659
0.000000074746,0.00000003314901167710
0.000000074937,0.00000009623830228261
0.000000066735,0.00000002327906562015
0.000000075094,0.00000003247189536147
0.000000074960,0.00000010668302555559
0.000000080570,0.00000000995192988081
0.000000080376,0.00000001002029293459
0.000000078788,0.00000006923856063674
0.000000084843,0.00000007937032791511
0.000000079604,0.00000007025414523068
0.000000083632,0.00000008693207544980
0.000000080363,0.00000001003078345452
0.000000065906,0.00000003480613759915

7.5*10^3
0,000000081529,0,00000009924280349086
0,000000066721,0,00000003401811255403
0,000000073660,0,00000012086857816800
0,000000080205,0,00000000995736199306
0,000000068034,0,00000002649679572302
0,000000067926,0,00000002523120639891
0,000000075915,0,00000016101466088792
0,000000068036,0,00000002654547670778
0,000000065047,0,00000040613452028092
0,000000067017,0,00000003313301196501
0,000000068389,0,00000014274898005627
0,000000080133,0,00000001000411850490
0,000000078803,0,00000013243146772251
0,000000074010,0,00000013157179779559
0,000000076048,0,00000014530609307871
0,000000067080,0,00000003307696869286
0,000000084271,0,00000009129955642092
0,000000084707,0,00000015848674993625
0,000000078548,0,00000022654126860466
0,000000084397,0,00000014560204957190
0,000000068507,0,00000011533263985076
0,000000080348,0,00000000991258954871
0,000000081574,0,00000007831701563791
0,000000066691,0,00000003414033976661
0,000000082757,0,00000009767706375957
0,000000075574,0,00000006551064445749
0,000000076057,0,00000008338809114457
0,000000077976,0,00000007466263259022
0,000000067986,0,00000008484679174162
0,000000083340,0,00000007904443579417
0,000000066261,0,00000002261604886702
0,000000084771,0,00000007471231954021

10*10³
0,000000082761,0,00000020271349569475
0,000000068122,0,00000019795705403974
0,000000066372,0,00000016149135413257
0,000000080423,0,00000012648244776779
0,000000071981,0,00000001110810496296
0,000000072006,0,00000001119136152620
0,000000068594,0,00000011422397420149
0,000000080002,0,00000001000271896729
0,000000080210,0,00000000990799122378
0,000000080150,0,00000000992410243294
0,000000082472,0,00000013671015222222
0,000000079415,0,00000006851515082121
0,000000071972,0,00000001108038989131
0,000000068237,0,00000012023482322583
0,000000066493,0,00000009606612449105
0,000000078357,0,00000004210331776960
0,000000082563,0,00000008885506695786
0,000000076759,0,00000049145602435111
0,000000082919,0,00000009640696690582
0,000000073551,0,00000016985587266570
0,000000082921,0,00000032378346324597
0,000000073603,0,00000002063740338106
0,000000079321,0,00000012687572363517
0,000000076165,0,00000011208996635355
0,000000080172,0,00000000991671362305
0,000000074405,0,00000042965183601700
0,000000068965,0,00000014651959730550
0,000000065979,0,00000030281560431859
0,000000080065,0,00000000996259457006
0,000000080199,0,00000000990735139197
0,000000082627,0,00000004441653635026
0,000000068061,0,00000008636432139199
0,000000077646,0,00000009276792826302
0,000000080172,0,00000000991651845538
0,000000080381,0,00000012657495248495
0,000000066950,0,00000009626134915749
0,000000073448,0,00000012950790781923
0,000000076493,0,00000005562387935170
0,000000072618,0,00000002382822316677
0,000000079274,0,00000013639112048276
0,000000080005,0,00000000999988152846
0,000000079466,0,00000006854352366482

2.5*10^4
0,000000079777,0,00000005677794489792
0,000000079053,0,00000014185852074405
0,000000072193,0,00000015985624066344
0,000000079959,0,00000000992679899394
0,000000068941,0,00000004141270033826
0,000000080505,0,00000013657997232924
0,000000070454,0,00000001016976375398
0,000000070424,0,00000001011763933358
0,000000078867,0,00000003015137753769
0,000000072081,0,00000009088210292203
0,000000078934,0,00000017318599642015
0,000000079859,0,00000001004232854787
0,000000071657,0,00000005182759519898
0,000000069688,0,00000009780053249904
0,000000080015,0,00000000990462284319
0,000000078194,0,00000004210737572943
0,000000079132,0,00000012359374760231
0,000000069668,0,00000003192398696472
0,000000069034,0,00000004159307490389
0,000000081694,0,00000013137515109765
0,000000081022,0,00000011180726587679 

5*10^4
0.000000080034,0.00000000990874636707
0.000000079387,0.00000002997178697211
0.000000080368,0.00000008057911325591
0.000000070895,0.00000001994466771785
0.000000069601,0.00000006095695759695
0.000000079383,0.00000002997248864155
0.000000070689,0.00000013245752304487
0.000000080079,0.00000000993868279152
0.000000070022,0.00000000990440072478
0.000000079285,0.00000010346954936305
0.000000079379,0.00000003002346575053
0.000000078976,0.00000016150167787129
0.000000079999,0.00000000990220802699
0.000000080454,0.00000014044573455014
0.000000080455,0.00000014046003637475
0.000000079392,0.00000009318465456790
0.000000079453,0.00000015037069869459
0.000000079406,0.00000010070308816622
0.000000069951,0.00000000991513316056
0.000000079909,0.00000000995515107484
0.000000069790,0.00000013172658584763